4426986656319579 0126 367
5543505074168346 0425 704
5543505070727533 0326 243
5543505070586707 1124 776
5543505070424024 1027 902
5543505070175766 0525 631
5543505070387882 1027 180
5543505065139959 0524 987
5543504914571462 0425 074
5543504955480466 1227 988
5543505025547408 0425 914
5543505111935301 0724 175
4182384665985461 1124 077
4659490197004590 0127 992
4659709030754586 0727 832
4660013729462826 0426 323
4660025424840163 0327 589
4660087563139518 0927 845
4660113327351924 0526 527
4660151967130596 1227 952
4660244473081278 0725 090
4660256781724621 1126 324
4660265191149642 0225 314
4660279611514905 0524 081
4660280952357581 0725 755
4660309424666350 0624 534
4661137641646023 0926 469
4661177763444195 0224 883
4661188659863620 0624 334
4661195983111261 0627 992
4661207016008461 0227 087
4661401299696395 0825 663
4661420609992898 0126 861
4661479079227813 0726 282
4661501907889215 0226 573
4661971905615278 0225 523
4662011760267946 0426 630
4662025777177021 0126 576
4662541070831916 0224 257
4662801298048580 1124 708
4662839385213881 1027 642
4665362600701629 0225 111
4665751680212616 0225 266
4666322055095819 1227 115
4666405028719738 0726 163
4666417357679797 1226 441
4347697355914679 0425 130
4347698716579417 1127 954
4347699413929541 0924 789
4347699597637696 0524 767
4347700622574209 0226 289
4347702084708291 0227 974
4347702679358171 0126 926
4347703776694351 0524 351
4347703830153014 1125 621
4347704523267889 1224 677
4347705683440448 1025 713
4347706315022133 0226 368
4347706456973425 0227 231
4347707607932617 1124 225
4347707996353367 0424 940
4347708383286913 0126 925
4347709420788283 0224 966
4347709538972936 0424 702
4347709846742179 1125 608
4347710318027925 1127 463
4347711135556948 0227 910
4347711544403369 0226 706
4347712071988913 0327 673
4347712427125624 1127 730
4347712567835131 0927 351
4347713376491165 1227 878
4347713739374405 0826 860
4347714419219597 0224 942
4347714528779630 0424 228
4347715720987582 0326 699
4347716503447166 0224 610
4347716630948367 0625 072
4347717774553476 0824 404
4347717847488270 0124 244
4347718427957809 0724 315
4347718588192014 0327 631
4347720049830687 0624 120
4347720670917589 0225 532
4347721865698620 0227 343
4347723413207656 0224 262
4347724548623692 1224 787
4347724733565211 1124 238
43477248 4347725834484608 0325 126
43477248 4347726453975942 0425 916
43477248 4347745480736382 1126 221
434775 4347767592174419 1026 994
434775 4348051023544360 1227 245
434775 4348692116466860 0126 294
434775 4349111516196760 0625 269
434775 4349225969693451 0124 956
434957 4349600327486600 0725 065
434961 4349732479887192 0626 525
434974 4350107820056738 1027 597
435011 4350550527035572 1024 057
435056 4350802786364056 0825 713
435081 4351287359399102 0427 686
435131 4352012990493752 0825 551
435202 4352993791833306 0427 406
435345 4353716442486045 1125 690
435372 4353778531417489 0626 094
435378 4354780008341134 0326 024
435479 4355473174130718 1225 315
435553 4356133316730267 1225 952
435614 4356282847290174 0724 444
435629 4356740466899682 0725 078
435748 4357513112706414 0924 282
